Initial matrix:
-------------
8.29381 0.995516 -0.560617 | 0.766522
0.995516 6.2982 0.595772 | 3.84442
-0.560617 0.595772 4.99741 | 5.23923
--------------
Jordan method
Resulting matrix:
-------------
1 0 0 | 0.1
0 1 0 | 0.5
0 0 1 | 1
--------------
Gauss method
Forward elimination results:
-------------
1 0.120031 -0.0675946 | 0.092421
0 1 0.107314 | 0.607314
0 0 1 | 1
--------------
Roots in order after backward substitution:
-------------
x[1] = 0.1
x[2] = 0.5
x[3] = 1

Checking roots:
Sum of 1 row = 0.766522 | Abs diff from expected = 1.11022e-16
Sum of 2 row = 3.84442 | Abs diff from expected = 0
Sum of 3 row = 5.23923 | Abs diff from expected = 8.88178e-16

-----------
Rev Matrix
------------
0.124228 -0.0211933 0.0164627
-0.0211933 0.164202 -0.021953
0.0164627 -0.021953 0.204568
-----------
Result of multiplication of Rev. matr and initial matrix:
1 -5.20417e-18 1.38778e-17
-1.38778e-17 1 -1.38778e-17
2.77556e-17 -1.38778e-17 1

L matrix:
8.29381 0 0
0.995516 6.17871 0
-0.560617 0.663064 4.88836

U matrix:
1 0.120031 -0.0675946
0 1 0.107314
0 0 1

L*U:
8.29381 0.995516 -0.560617
0.995516 6.2982 0.595772
-0.560617 0.595772 4.99741

Sum of abs. diff. between corresponding elements of A and LU:
0

Since A=LU => det(A)=det(L)=250.504

---------------------------
Condition number task:
Matrix A:
-401.43 200.19
1201.14 -601.62

b = (200.1, -600.1)
delta b = (199.1, -601.1)

Sol. for b:
x = (-0.237756, 0.522792)
Sol. for delta_b:
delta x = (0.524348, 2.046)

cond(A) = 2745.98
Factual difference for solutions = 2.96566
Theoretical difference = 6.13898